16
XOR2       1          441     184
XOR2       2          436     313
XOR2       3          439     433
NOT        4          573     183
NOT        5          563     429
BUFFER     6          573     310
XOR3       7          695     303
LED        8          815     296
XOR3       16          257     246
XOR3       17          269     364
Switch     24          67     194     
Switch     25          51     247     
Switch     26          39     282     
Switch     27          43     337     
Switch     28          32     377     
Switch     29          38     425     
the connections
7     8     0     
4     7     1     
6     7     2     
5     7     3     
1     4     1     
2     6     1     
3     5     1     
16     1     1     
16     2     1     
17     1     2     
17     3     2     
16     3     1     
16     2     2     
24     16     1     
25     16     2     
26     16     3     
27     17     1     
28     17     2     
29     17     3     
-1